Conversion of an object of class 'genind' into a GENEPOP file with the package 'graph4lg'         
loci1, loci2, loci3, loci4, loci5, loci6, loci7, loci8, loci9 
Pop         
PM_1_M3/1, 211211 219219 257257 170176 169175 189189 266266 205205 264268
PM_1_M3/2, 211211 216219 257257 170170 169169 189189 266266 211237 270270
PM_1_M3/3, 211211 219219 257257 170170 169169 189192 266266 205237 280280
PM_1_M3/4, 211211 216219 257257 170178 169169 189189 266266 237237 268280
PM_1_M3/5, 208211 216219 257257 170174 169169 189189 266272 215237 262262
PM_1_M3/6, 211211 219219 257257 170170 169169 189189 266266 205237 262262
PM_1_M3/7, 211211 219219 257257 170174 169169 189192 266266 205215 264268
PM_1_M3/8, 208211 219219 257257 174178 169175 189189 266269 205209 268268
PM_1_M3/9, 208208 219219 257257 170176 169175 189198 266266 205215 268268
PM_1_M3/10, 211211 216219 257257 170170 169169 189189 266266 211237 268280
PM_1_M3/11, 211211 216219 257257 170170 169169 189192 266266 211211 270270
PM_1_M3/12, 211211 219219 257257 170178 169175 189198 266269 205237 268280
PM_1_M3/13, 208208 216216 251251 176176 169169 189192 266275 205221 264268
PM_1_M3/14, 211211 219219 257257 170170 169169 189189 266266 237237 262262
PM_1_M3/15, 211211 219219 257257 176176 169169 189189 266266 211215 268268
PM_1_M3/16, 211211 216219 257257 170170 169169 192195 266266 211237 264270
PM_1_M3/17, 211211 219219 257257 170170 169169 189192 269269 205205 268272
PM_1_M3/18, 211211 216219 257257 170174 169169 192195 266266 211237 262262
PM_1_M3/19, 211211 216216 257257 170178 169175 189192 266266 211237 262262
PM_1_M3/20, 208211 216219 257257 174178 169169 189192 266266 209211 262270
PM_1_M3/21, 211211 216219 257257 170170 169169 189189 266266 205237 262270
PM_1_M3/22, 211211 219219 257257 170170 169169 189192 266266 205211 262262
PM_1_M3/23, 211211 216219 257257 170174 169169 195201 266275 237237 280280
PM_1_M3/24, 211211 219219 257257 170174 169175 189192 266269 211211 262262
PM_1_M3/25, 211211 219219 257257 170170 169169 189192 266266 205211 262270
Pop         
PM_2_M4/1, 208211 216219 257257 170170 169169 189195 266266 237237 262272
PM_2_M4/2, 208211 216219 257257 170170 169169 192204 266266 205237 262270
PM_2_M4/3, 199211 219219 257257 170170 169175 192198 266269 237237 262268
PM_2_M4/4, 208211 216216 257257 170174 169169 195195 266266 205211 262280
PM_2_M4/5, 208211 219219 257260 170170 169175 189195 266266 205237 262262
PM_2_M4/6, 211211 219219 257257 170170 169169 189198 266266 205237 262262
PM_2_M4/7, 211211 216219 257257 170170 169175 189195 266266 237237 262262
PM_2_M4/8, 211211 219219 257257 170174 169175 198204 266266 205237 262262
PM_2_M4/9, 211211 216219 257260 170178 169175 189198 266266 237237 262262
PM_2_M4/10, 211211 219219 257257 170170 169175 189192 266272 205205 264272
PM_2_M4/11, 211211 216219 257257 170170 169175 192192 266266 211237 262268
PM_2_M4/12, 202208 219219 254254 170174 169169 189198 266272 205205 262282
PM_2_M4/13, 199211 219219 254254 170170 169175 189192 266275 205209 262282
PM_2_M4/14, 211211 219219 254254 170170 169169 189189 266266 205215 262262
PM_2_M4/15, 211211 219219 257257 170170 169169 192198 266266 211211 268280
PM_2_M4/16, 211211 216219 254254 170178 169169 192195 266266 237237 262268
PM_2_M4/17, 211211 216219 257257 170174 169175 189192 266266 205237 264268
PM_2_M4/18, 211211 219219 257257 170170 169169 189189 266266 205237 262282
PM_2_M4/19, 211211 219219 257257 170176 169169 189192 266272 205211 262262
PM_2_M4/20, 211211 216219 257257 170170 169169 192192 266266 205211 264270
PM_2_M4/21, 211211 219219 257257 170176 169169 189189 266266 237237 270270
PM_2_M4/22, 208211 219219 257257 170178 169169 189192 266266 205237 264270
PM_2_M4/23, 199208 213216 248251 170170 169175 189189 266266 205205 262262
PM_2_M4/24, 199208 216216 248251 170170 169175 189192 266266 205209 264264
PM_2_M4/25, 211211 219219 257257 170174 169169 189189 266278 237237 262280
Pop         
PS_1_S1136, 211211 219219 257257 176178 175175 198201 266278 209221 244262
PS_1_S1137, 208211 219219 257257 168174 175175 195201 266278 205209 246262
PS_1_S1138, 211211 219219 254257 176176 175175 195198 266278 203221 262262
PS_1_S1139, 211211 219219 257257 168172 175175 189198 266266 221225 262262
PS_1_S1140, 211211 219219 251257 176178 175175 195198 266278 221223 268268
PS_1_S1141, 208211 219219 257257 176178 175175 198198 266278 221223 262268
PS_1_S1142, 211211 219219 257257 170176 175175 198201 266287 223223 262268
PS_1_S1143, 211211 219219 257257 176178 175175 198198 266278 209221 262264
PS_1_S1144, 211211 219219 257257 176176 175175 195198 266278 231233 262262
PS_1_S1145, 211211 219219 000000 176176 175175 198198 266266 219223 000000
PS_1_S1146, 211211 219219 257257 170176 175175 195198 266278 219223 268268
PS_1_S1147, 208211 219219 257257 170176 175175 198204 266278 219221 262268
PS_1_S1148, 211211 219219 257257 170170 175175 198198 266266 219221 262262
PS_1_S1149, 211211 219219 257257 170176 175175 195198 266278 219221 254268
PS_1_S1150, 211211 219219 257257 176176 175175 195198 266278 221233 260262
PS_1_S1151, 211211 219219 257257 170170 169175 195198 266278 221233 262268
PS_1_S1152, 208211 219219 257257 170170 175175 198198 266278 229233 260268
PS_1_S1153, 208211 219219 254257 170178 175175 189192 269278 219221 268268
PS_1_S1154, 208208 219219 257257 170178 175175 195198 266278 219221 262268
PS_1_S1155, 208211 219219 254257 170176 175175 198201 266266 221221 260268
PS_1_S1156, 211211 219219 257257 176176 169175 189201 266266 209223 262262
PS_1_S1157, 208211 219219 257257 170174 175175 198198 266266 209221 268268
PS_1_S1158, 211211 219219 257257 170176 154175 198198 266266 207221 260262
PS_1_S1159, 211211 219219 257260 170178 175175 195204 266266 219219 262266
PS_1_S1160, 211211 219219 257257 174178 157175 192198 266266 209221 262268
PS_1_S1161, 211211 219219 257257 174176 157175 198198 266266 209217 262262
Pop         
PS_2_F1, 208211 219219 254257 176176 175175 198198 266278 219221 262268
PS_2_F2, 211211 219219 257257 176176 175175 198198 266266 221227 262262
PS_2_F3, 211211 219219 257257 176178 172172 198198 266278 219221 262266
PS_2_F4, 208211 219219 257257 170178 175175 201204 266266 219219 262266
PS_2_F5, 211211 219219 254257 176176 175175 198198 266266 221223 262266
PS_2_F6, 208214 219219 257257 176178 172175 198198 266278 219219 262266
PS_2_F7, 211211 219219 257257 170174 175175 198198 266266 219227 262262
PS_2_F8, 205211 219219 257263 174176 175175 198198 278278 219221 262268
PS_2_F9, 000000 219219 257257 174176 169175 198201 000209 000219 262268
PS_2_F10, 211211 219219 257257 176178 175175 195198 266266 219221 262264
PS_2_F11, 211211 219219 257257 170170 175175 189195 266266 219221 262262
PS_2_F12, 211211 219219 254257 176178 175178 198207 266278 203219 262268
PS_2_F13, 211211 219219 257257 170178 175175 189198 278278 221231 262268
PS_2_F14, 208211 216219 257257 176178 151175 198198 266278 209219 264264
PS_2_F15, 211211 219219 257257 170178 175175 198198 266266 207221 262262
PS_2_F16, 211211 219219 257257 170176 175175 195198 266278 205221 260262
PS_2_F17, 211211 219219 257257 170176 175175 198198 266266 221221 262268
PS_2_F18, 211211 219219 251257 170176 175175 198201 266278 219219 260262
PS_2_F19, 211211 219219 257257 170170 175175 198198 266266 219221 260262
PS_2_F20, 211211 219219 254257 170178 175175 189198 266266 205219 260268
PS_2_F21, 211211 219219 257257 170176 175175 198198 266272 205219 260262
PS_2_F22, 208211 219219 254257 170174 175175 198201 266266 219221 260268
PS_2_F23, 211211 219219 257260 170174 175175 195198 272278 203221 262268
PS_2_F24, 211211 219219 254257 170178 175175 189195 266266 219219 260262
PS_2_F25, 211211 219219 257257 170176 175175 198198 266278 205219 262268
Pop         
PS_3_A1, 211211 219219 251257 176178 175175 198198 266266 205205 268280
PS_3_A2, 208208 219219 257257 176176 175175 195201 266266 207207 268280
PS_3_A3, 208208 219219 257257 176178 175175 198198 266266 205219 268268
PS_3_A4, 208208 219219 251257 176176 175175 198201 266278 205221 262268
PS_3_A5, 211211 219219 257257 174176 175178 198198 266266 205209 262272
PS_3_A6, 208208 219219 257257 170176 175178 198201 266266 205221 280280
PS_3_A7, 208208 219219 257257 170178 175175 198198 266266 205209 262262
PS_3_A8, 208208 219219 257257 176176 175175 195198 278278 209221 262262
PS_3_A9, 208208 219219 257257 170174 169175 195198 266266 205221 262270
PS_3_A10, 208208 219219 254257 174176 169175 195198 266278 207219 264268
PS_3_A11, 208208 219219 257257 176178 175178 195198 266266 205209 262262
PS_3_A12, 208211 219219 257257 178220 175175 192198 266278 209221 262262
PS_3_A13, 208211 219219 257257 170178 175175 198201 266266 207221 262264
PS_3_A14, 208208 219219 257257 176176 175175 198198 266266 205221 262270
PS_3_A15, 211211 219219 257257 176176 175175 198201 266266 205205 262268
PS_3_A16, 208211 219219 257257 174178 175175 198201 266272 205205 262262
PS_3_A17, 208211 219219 257257 176176 175175 195198 266266 205207 260280
PS_3_A18, 211211 219219 257257 176178 175175 198198 266266 207219 262262
PS_3_A19, 211211 219219 257257 174176 175175 195201 266266 205207 262280
PS_3_A20, 208211 219219 257257 176176 175175 189198 266266 205221 266266
PS_3_A21, 208211 219219 251257 170176 175175 198201 266266 207221 264268
PS_3_A22, 208211 219219 257257 176176 175175 198201 266266 205205 262262
PS_3_A23, 211211 219219 257257 176176 175175 195198 266299 207223 262262
PS_3_A24, 211211 219219 257257 170178 175175 198201 272272 207217 262262
PS_3_A25, 211211 219219 251257 170170 175175 198198 278278 205209 262280
PS_3_A26, 211211 219219 257257 176178 175175 198198 266266 207219 262262
PS_3_A27, 211211 219219 257257 170178 175175 195198 266272 205209 260264
PS_3_A28, 211211 219219 257257 176176 175175 198198 266266 221233 262264
PS_3_A29, 211211 219219 257257 176176 175175 198198 272272 205221 260268
PS_3_A30, 211211 219219 257257 170178 175175 192198 266278 205221 262262
PS_3_A31, 211211 219219 257257 176176 175175 198198 266266 205219 268280
PS_3_A32, 211211 219219 257257 176178 175175 198201 266275 207221 262262
Pop         
PS_4_P93, 208211 219219 257257 170176 175175 189198 266266 219227 260260
PS_4_P94, 211211 219219 257257 176176 175175 195198 266278 205221 260268
PS_4_P95, 208208 219219 257257 174176 175178 198198 266278 209219 260262
PS_4_P96, 211211 219219 257257 174176 175175 198198 278299 221227 262262
PS_4_P97, 211211 219219 254257 176176 175175 189189 269278 207219 280280
PS_4_P98, 208208 219219 254257 170176 175175 198198 266266 219221 262262
PS_4_P99, 211211 219219 257257 170178 175175 180201 266266 219219 262268
PS_4_P100, 211211 219219 257257 170176 175175 198198 278299 219221 260260
PS_4_P101, 211211 219219 254257 170172 175175 198198 266266 209221 262262
PS_4_P102, 211211 219219 257257 176176 175175 189198 278278 219229 262280
PS_4_P103, 211211 219219 257257 170176 175175 198198 266278 217221 262262
PS_4_P104, 211211 219219 257257 176178 175175 189195 266278 209221 260268
PS_4_P105, 211211 219219 257260 170174 169175 195198 266266 217221 260262
PS_4_P106, 208211 219219 257257 176178 175175 198201 266272 219227 260268
PS_4_P107, 211211 219219 254257 170178 175175 198198 266266 219227 268268
PS_4_P108, 211211 219219 254257 176176 175175 198201 266266 205219 268268
PS_4_P109, 208211 219219 251251 170176 175175 195201 266266 205219 262262
PS_4_P110, 208211 219219 257260 170176 175175 195198 209266 205219 280280
PS_4_P111, 208211 219219 251257 170178 169175 198204 266299 219221 260264
PS_4_P112, 211211 219219 257257 176176 175175 195198 278278 209221 260262
PS_4_P113, 208211 219219 257257 176176 175175 198201 266287 221221 260260
PS_4_P114, 211211 219219 257257 176176 175175 195198 269278 219219 260262
PS_4_P115, 211211 219219 257257 170170 175175 198201 266299 225231 260262
PS_4_P116, 208211 219219 254257 170176 175175 198198 209266 219221 262268
PS_4_P117, 211211 219219 257257 000000 175175 195198 269278 219219 260262
Pop         
PUG_1_U1, 208208 219219 257257 170170 169169 189189 266266 207207 262262
PUG_1_U2, 208208 219219 257257 170170 169169 189189 266266 207219 262262
PUG_1_U3, 205208 219219 257257 170170 169169 189189 266266 207207 262262
PUG_1_U4, 208208 219219 257257 170170 169175 189189 266266 211211 262262
PUG_1_U5, 208208 219219 257257 170170 169169 189189 266266 207207 262262
PUG_1_U6, 208208 219219 257257 170170 169175 189189 266266 207219 262282
PUG_1_U7, 208208 219219 257257 170170 169175 189189 266266 207219 262262
PUG_1_U8, 211211 219219 257257 170170 169169 189195 266266 207221 262262
PUG_1_U9, 208211 219219 257257 170170 169175 189189 266266 211219 262262
PUG_1_U10, 208211 219219 257257 170170 169169 189189 266266 211211 262262
PUG_1_U11, 208211 219219 257257 170170 169169 189189 266266 211211 262262
PUG_1_U12, 211211 219219 257257 170170 169169 189201 266266 207211 262268
PUG_1_U13, 211211 219219 257257 170170 169175 189198 266266 207207 262262
PUG_1_U16, 211211 219219 257257 170170 169175 198198 266266 207207 262262
Pop         
PUG_2_UB1, 211211 219219 257257 174176 169169 189192 269272 207207 262262
PUG_2_UB2, 211211 219219 257257 170176 169169 192192 278278 207207 260272
PUG_2_UB3, 211211 219219 257257 170170 169175 189198 266266 207207 262280
PUG_2_UB4, 208211 216219 257257 174176 169169 189192 278278 205207 260260
PUG_2_UB5, 211211 219219 257260 170174 169169 189192 266278 207207 260262
PUG_2_UB6, 208208 219219 257257 170174 169169 192192 266299 205211 262262
PUG_2_UB7, 208211 219219 257260 170176 169169 192198 266278 205207 262280
PUG_2_UB8, 211211 219219 257257 170170 169169 189192 266266 205205 262264
PUG_2_UB9, 211211 219219 257257 170170 169169 192192 266272 207207 262280
PUG_2_UB10, 211211 219219 257257 170174 169169 189192 266266 205207 262262
PUG_2_UB11, 184211 219219 257257 170170 169169 189189 266266 207207 262262
PUG_2_UB12, 211211 216219 257257 174176 169169 183198 266266 205207 262262
PUG_2_UB13, 208211 219219 260260 170176 169169 192192 266266 207207 262262
PUG_2_UB14, 211211 219219 257257 170174 169175 192192 266278 205207 262262
PUG_2_UB15, 211211 219219 257257 170170 169175 189192 266266 207209 262268
PUG_2_UB16, 208211 216219 257257 170170 169175 192192 266266 207207 262262
PUG_2_UB17, 208211 219219 257260 170176 169169 189192 266266 205207 262272
PUG_2_UB18, 211211 219219 257257 174176 169169 192192 266278 205207 262262
PUG_2_UB19, 211211 219219 257257 174174 169175 192192 266278 205207 262262
PUG_2_UB20, 211211 219219 257257 170174 169169 192195 266266 205207 262262
PUG_2_UB21, 211211 219219 257257 170174 169175 189192 266269 205207 262280
PUG_2_UB22, 208208 219219 257257 170174 169169 192195 266278 207211 262262
PUG_2_UB23, 208211 219219 257257 170176 169169 192195 266266 211211 262262
PUG_2_UB24, 211211 219219 257257 170174 169169 192192 266266 205207 262262
PUG_2_UB25, 208211 219219 257257 170174 169169 189189 266266 207207 262280
PUG_2_UB26, 211211 219219 257257 170176 169175 192192 266266 207207 262262
PUG_2_UB27, 208211 219219 257257 170174 169169 192192 269269 207207 262280
PUG_2_UB28, 211211 219219 257257 170174 169169 189189 278278 205207 262280
PUG_2_UB29, 211211 219219 257257 170170 169169 189192 269275 207207 262280
PUG_2_UB30, 211211 219219 257257 176176 169175 189192 266266 207209 262280
PUG_2_UB31, 211211 219219 257257 176176 169175 192192 266278 207207 260280
Pop         
PUG_3_Z64, 208208 219219 257257 170170 169169 189189 266266 207207 262262
PUG_3_Z65H, 208208 219219 257257 170170 169169 189189 266266 207219 262262
PUG_3_Z66, 205208 219219 257257 170170 169169 189189 266266 207207 262262
PUG_3_Z67, 208208 219219 257257 170178 169175 189189 266266 211211 262262
PUG_3_Z68, 208208 219219 257257 170176 169169 189189 266266 207207 262262
PUG_3_Z69, 208208 219219 257257 170178 169175 189189 266266 207219 262282
PUG_3_Z70, 208208 219219 257257 170178 169175 189189 266266 207219 262262
PUG_3_Z71, 211211 219219 257257 170178 169169 189195 266266 207221 262262
PUG_3_Z72, 208211 219219 257257 170178 169175 189189 266266 211219 262262
PUG_3_Z73, 208211 219219 257257 170178 169169 189189 266266 211211 262262
PUG_3_Z74, 208211 219219 257257 170178 169169 189189 266266 211211 262262
PUG_3_Z75, 211211 219219 257257 170178 169169 189201 266266 207211 262268
PUG_3_Z76, 211211 219219 257257 170178 169175 189198 266266 207207 262262
PUG_3_Z77, 211211 219219 257257 170178 169175 198198 266266 207207 262262
PUG_3_Z78, 211211 219219 257257 170176 169175 198198 266266 205205 262268
PUG_3_Z79, 211211 216219 257257 174174 175175 189198 266269 205207 260262
PUG_3_Z80, 211211 219219 257257 170174 169175 189189 266266 207211 262262
PUG_3_Z81, 205211 219219 257260 170176 169175 192195 266266 207207 268268
PUG_3_Z82, 211211 219219 257257 170170 169175 192198 266266 207207 268268
Pop         
PUG_4_UW32, 208208 219219 257257 170170 169169 189189 266266 207207 262262
PUG_4_UW33, 208208 219219 257257 170170 169169 189189 266266 207219 262262
PUG_4_UW34, 205208 219219 257257 170170 169169 189189 266266 207207 262262
PUG_4_UW35, 208208 219219 257257 170178 169175 189189 266266 211211 262262
PUG_4_UW36, 208208 219219 257257 170176 169169 189189 266266 207207 262262
PUG_4_UW37, 208208 219219 257257 170178 169175 189189 266266 207219 262282
PUG_4_UW38, 208208 219219 257257 170178 169175 189189 266266 207219 262262
PUG_4_UW40, 211211 219219 257257 170178 169169 189195 266266 207221 262262
PUG_4_UW41, 208211 219219 257257 170178 169175 189189 266266 211219 262262
PUG_4_UW42, 208211 219219 257257 170178 169169 189189 266266 211211 262262
PUG_4_UW44, 208211 219219 257257 170178 169169 189189 266266 211211 262262
PUG_4_UW45, 211211 219219 257257 170178 169169 189201 266266 207211 262268
PUG_4_WU46, 211211 219219 257257 170178 169175 189198 266266 207207 262262
PUG_4_UW47, 211211 219219 257257 170178 169175 198198 266266 207207 262262
PUG_4_WU48, 208211 219219 257257 170170 169169 192192 266278 205207 262280
PUG_4_UW49, 208211 219219 257257 170170 169175 192192 266266 207207 262272
PUG_4_UW50, 211211 219219 257257 176178 169169 192192 266278 205207 272282
PUG_4_w51, 211211 219219 257257 176176 169175 192195 266266 207219 272280
PUG_4_w52, 211211 216219 257257 170178 169175 192192 266266 205207 262262
PUG_4_w53, 211211 219219 257257 170170 169169 192192 266266 207207 262280
PUG_4_w54, 211211 219219 257257 170170 169169 192198 266299 205205 280280
PUG_4_w55, 211211 219219 257257 170170 169175 192192 266278 207207 260280
PUG_4_w56, 211211 219219 257257 170176 175175 192198 278278 205211 262280
PUG_4_w57, 211211 219219 257257 170170 169175 192192 266278 205207 260262
PUG_4_w58, 211211 219219 257257 170170 169175 192192 266272 205207 272280
PUG_4_w59, 211211 219219 257257 176176 175175 189201 266269 205207 268272
PUG_4_w60, 211211 219219 257257 170176 169175 195198 266299 207207 262272
PUG_4_w61, 211211 219219 257257 170176 169175 192192 266266 207211 262262
PUG_4_w62, 211211 219219 257257 176176 169175 189192 266278 205207 280280
PUG_4_w63, 211211 219219 257257 170176 169169 189198 266266 205207 262262
Pop         
PUN_1_HX1, 000000 219219 257257 170176 169175 189189 266266 221235 262262
PUN_1_HX2, 211211 219219 251257 174176 169169 189189 266266 235235 264264
PUN_1_HX3, 208211 219219 257257 174174 169175 189204 266266 221235 268268
PUN_1_HX4, 211211 219219 257257 170174 169169 189192 266266 235235 262262
PUN_1_HX5, 211211 219219 257257 170170 169169 189189 266266 211235 264268
PUN_1_HX6, 211211 219219 257257 170176 175175 189201 266272 219235 262262
PUN_1_HX7, 211211 219219 251257 176176 169175 189189 266266 219235 264264
PUN_1_HX8, 211214 219219 257257 170176 169169 189198 266266 235235 264280
PUN_1_HX9, 211214 219219 257257 170176 169169 189189 266266 235235 264280
PUN_1_HX10, 211211 219219 257257 170176 169169 189195 266266 205207 270270
PUN_1_HX11, 211211 219219 257257 174176 169175 189189 266266 235235 262264
PUN_1_HX12, 211211 219219 257257 170174 169175 189201 266272 221235 262262
PUN_1_HX13, 211211 219219 257257 174176 169175 189204 266266 235235 264264
PUN_1_HX14, 211211 219219 257257 170174 169175 192198 203266 235235 262262
PUN_1_HX15, 211211 219219 257257 174178 169175 189198 266272 205235 262280
PUN_1_HX16, 208211 219219 251257 174174 175175 189195 266266 219235 282282
PUN_1_HX17, 211214 219219 257257 174176 169169 189189 266266 219235 268268
PUN_1_HX18, 211211 219219 257260 170178 000000 000000 266266 205235 264282
PUN_1_HX19, 211211 216219 257257 170174 175175 189198 266266 219235 262280
PUN_1_HX20, 211211 219219 257257 174174 169175 189204 266266 235235 262262
PUN_1_HX21, 208211 219219 251257 174178 169175 189195 266266 235235 262262
PUN_1_HX22, 211211 219219 257257 176178 169169 189195 266266 235235 262262
PUN_1_HX23, 211211 219219 257257 170178 169169 189189 266266 235235 264280
PUN_1_HX24, 208211 219219 257257 170174 175175 189189 266266 221235 262262
Pop         
PUN_2_HII1, 208211 219219 257257 170176 169175 189189 266266 205235 262262
PUN_2_HII2, 211211 219219 251257 174176 169169 189189 266266 207235 264264
PUN_2_HII3, 208211 219219 257257 174174 169175 189204 266266 221235 268268
PUN_2_HII4, 211211 219219 257257 170174 169169 189192 266266 235235 262262
PUN_2_HII5, 211211 219219 257257 170170 169169 189189 266266 211235 264268
PUN_2_HII6, 211211 219219 257257 170176 175175 189201 266272 219235 262262
PUN_2_HII7, 211211 219219 251257 176176 169175 189189 266266 207235 264264
PUN_2_HII8, 211214 219219 257257 170176 169169 189198 266266 235235 264280
PUN_2_HII9, 211214 219219 257257 170176 169169 189189 266266 235235 264280
PUN_2_HII10, 211211 219219 257257 170176 169169 189195 266266 205219 270270
PUN_2_HII11, 211211 219219 257257 174176 169175 189189 266266 219235 262264
PUN_2_HII12H, 211211 219219 257257 176176 169175 192198 266266 235235 262262
PUN_2_HII13, 211211 219219 257257 170176 169175 189201 266272 235235 262262
PUN_2_HII14, 208211 219219 257257 170170 169175 189195 272278 211235 262262
PUN_2_HII15, 211211 216219 257257 176176 169175 198201 266272 235235 268268
PUN_2_HII17, 211211 219219 257257 176176 169175 189189 266266 235235 262268
PUN_2_HII18, 000000 219219 257257 176176 169175 192201 266272 211235 262262
PUN_2_HII19, 211211 219219 257257 174176 169175 192201 266272 211235 262268
PUN_2_HII20, 208211 219219 257257 170174 175175 189198 266278 211235 262268
PUN_2_HII21, 211211 219219 257257 170176 175175 189198 266266 235235 262262
PUN_2_HII22, 211211 219219 257257 176178 169175 198201 266266 235235 262262
PUN_2_HII23, 211211 219219 257257 174174 169175 195195 269269 235235 262262
PUN_2_HII24, 208211 219219 257257 170176 169175 195195 209272 235235 262262
PUN_2_HII25, 211211 219219 257257 176176 169169 192201 266272 207235 262280
